(title "Face Area Magnitude vs. Curve Length")
(labels "Curve Length" "Face Area Magnitude")

((xy/key/label "airfoil-shadow")
0	0.000583967
0.000646084	0.000646084
0.00129217	0.000646084
0.00193826	0.000646084
0.00258434	0.000646084
0.00323042	0.000646084
0.0038765	0.000646084
0.00452259	0.000646084
0.00516868	0.000646084
0.00581476	0.000646084
0.00646084	0.000646084
0.00710692	0.000646084
0.00775301	0.000646084
0.00839909	0.000646084
0.00904518	0.000646084
0.00969126	0.000646084
0.0103373	0.000646084
0.0109834	0.000646084
0.0116295	0.000646084
0.0122756	0.000646084
0.0129217	0.000646084
0.0135678	0.000646084
0.0142138	0.000646084
0.0148599	0.000646084
0.015506	0.000646084
0.0161521	0.000646084
0.0167982	0.000646084
0.0174443	0.000646084
0.0180904	0.000646084
0.0187364	0.000646084
0.0193825	0.000646084
0.0200286	0.000646084
0.0206747	0.000646084
0.0213208	0.000646084
0.0219669	0.000646084
0.0226129	0.000646084
0.023259	0.000646084
0.0239051	0.000646084
0.0245512	0.000646084
0.0251973	0.000646084
0.0258434	0.000646084
0.0264894	0.000646084
0.0271355	0.000646084
0.0277816	0.000646084
0.0284277	0.000646084
0.0290738	0.000646084
0.0297199	0.000646084
0.0303659	0.000646084
0.031012	0.000646084
0.0316581	0.000646084
0.0323042	0.000646084
0.0329503	0.000646084
0.0335964	0.000646084
0.0342424	0.000646084
0.0348885	0.000646084
0.0355346	0.000646084
0.0361807	0.000646084
0.0368268	0.000646084
0.0374729	0.000646084
0.0381189	0.00060977
0.0386963	0.000577322
0.0392736	0.000577322
0.0398509	0.000577322
0.0404282	0.000577322
0.0410056	0.000577322
0.0415829	0.000577322
0.0421602	0.000577322
0.0427375	0.000577322
0.0433148	0.000577322
0.0438922	0.000577322
0.0444695	0.000577322
0.0450468	0.000577322
0.0456241	0.000577322
0.0462014	0.000577322
0.0467788	0.000577322
0.0473561	0.000577322
0.0479334	0.000577322
0.0485107	0.000577322
0.049088	0.000577322
0.0496654	0.000577322
0.0502427	0.000577322
0.05082	0.000577322
0.0513973	0.000577322
0.0519747	0.000577322
0.052552	0.000577322
0.0531293	0.000577322
0.0537066	0.000577322
0.054284	0.000577322
0.0548613	0.000577322
0.0554386	0.000577322
0.0560159	0.000577322
0.0565932	0.000577322
0.0571706	0.000577322
0.0577479	0.000577322
0.0583252	0.000577322
0.0589025	0.000577322
0.0594798	0.000577322
0.0600572	0.000577322
0.0606345	0.000577322
0.0612118	0.000577322
0.0617891	0.000577322
0.0623665	0.000577322
0.0629438	0.000577322
0.0635211	0.000612139
0.0641725	0.000651426
0.064824	0.000651426
0.0654754	0.000651426
0.0661268	0.000651426
0.0667782	0.000651426
0.0674297	0.000651426
0.0680811	0.000651426
0.0687325	0.000651426
0.0693839	0.000651426
0.0700354	0.000651426
0.0706868	0.000651426
0.0713382	0.000651426
0.0719896	0.000651426
0.0726411	0.000651426
0.0732925	0.000651426
0.0739439	0.000651426
0.0745954	0.000651426
0.0752468	0.000651426
0.0758982	0.000651426
0.0765496	0.000651426
0.0772011	0.000651426
0.0778525	0.000651426
0.0785039	0.000651426
0.0791553	0.000651426
0.0798068	0.000651426
0.0804582	0.000651426
0.0811096	0.000651426
0.081761	0.000651426
0.0824125	0.000651426
0.0830639	0.000651426
0.0837153	0.000651426
0.0843668	0.000651426
0.0850182	0.000651426
0.0856696	0.000651426
0.086321	0.000651426
0.0869725	0.000651426
0.0876239	0.000651426
0.0882753	0.000651426
0.0889267	0.000441768
0.0892609	0.000364496
0.0896618	0.000435566
0.0901387	0.000515988
0.0907007	0.000605001
0.0913558	0.000700864
0.0921093	0.000800657
0.0929634	0.000900188
0.093915	0.000994116
0.0949556	0.00107634
0.0960702	0.00114069
0.0972382	0.00118176
0.0984341	0.0011959
0.09963	0.00118176
0.100798	0.00114069
0.101913	0.00107634
0.102953	0.000994116
0.103905	0.000900188
0.104759	0.000800657
0.105512	0.000700864
0.106167	0.000605001
0.106729	0.000515988
0.107206	0.000435566
0.107607	0.000364496
0.107941	0.00044163
0.108592	0.000650828
0.109243	0.000650828
0.109894	0.000650828
0.110545	0.000650828
0.111196	0.000650828
0.111846	0.000650828
0.112497	0.000650828
0.113148	0.000650828
0.113799	0.000650828
0.11445	0.000650828
0.115101	0.000650828
0.115751	0.000650828
0.116402	0.000650828
0.117053	0.000650828
0.117704	0.000650828
0.118355	0.000650828
0.119006	0.000650828
0.119656	0.000650828
0.120307	0.000650828
0.120958	0.000650828
0.121609	0.000650828
0.12226	0.000650828
0.122911	0.000650828
0.123561	0.000650828
0.124212	0.000650828
0.124863	0.000650828
0.125514	0.000650828
0.126165	0.000650828
0.126815	0.000650828
0.127466	0.000650828
0.128117	0.000650828
0.128768	0.000650828
0.129419	0.000650828
0.13007	0.000650828
0.13072	0.000650828
0.131371	0.000650828
0.132022	0.000650828
0.132673	0.000650828
0.133324	0.00061212
0.133901	0.000577758
0.134479	0.000577758
0.135057	0.000577758
0.135635	0.000577758
0.136213	0.000577758
0.13679	0.000577758
0.137368	0.000577758
0.137946	0.000577758
0.138524	0.000577758
0.139101	0.000577758
0.139679	0.000577758
0.140257	0.000577758
0.140835	0.000577758
0.141412	0.000577758
0.14199	0.000577758
0.142568	0.000577758
0.143146	0.000577758
0.143723	0.000577758
0.144301	0.000577758
0.144879	0.000577758
0.145457	0.000577758
0.146034	0.000577758
0.146612	0.000577758
0.14719	0.000577758
0.147768	0.000577758
0.148346	0.000577758
0.148923	0.000577758
0.149501	0.000577758
0.150079	0.000577758
0.150657	0.000577758
0.151234	0.000577758
0.151812	0.000577758
0.15239	0.000577758
0.152968	0.000577758
0.153545	0.000577758
0.154123	0.000577758
0.154701	0.000577758
0.155279	0.000577758
0.155856	0.000577758
0.156434	0.000577758
0.157012	0.000577758
0.15759	0.000577758
0.158168	0.000577758
0.158745	0.000609254
0.15939	0.000644382
0.160034	0.000644382
0.160678	0.000644382
0.161323	0.000644382
0.161967	0.000644382
0.162612	0.000644382
0.163256	0.000644382
0.1639	0.000644382
0.164545	0.000644382
0.165189	0.000644382
0.165834	0.000644382
0.166478	0.000644382
0.167122	0.000644382
0.167767	0.000644382
0.168411	0.000644382
0.169055	0.000644382
0.1697	0.000644382
0.170344	0.000644382
0.170989	0.000644382
0.171633	0.000644382
0.172277	0.000644382
0.172922	0.000644382
0.173566	0.000644382
0.174211	0.000644382
0.174855	0.000644382
0.175499	0.000644382
0.176144	0.000644382
0.176788	0.000644382
0.177432	0.000644382
0.178077	0.000644382
0.178721	0.000644382
0.179366	0.000644382
0.18001	0.000644382
0.180654	0.000644382
0.181299	0.000644382
0.181943	0.000644382
0.182588	0.000644382
0.183232	0.000644382
0.183876	0.000644382
0.184521	0.000644382
0.185165	0.000644382
0.185809	0.000644382
0.186454	0.000644382
0.187098	0.000644382
0.187743	0.000644382
0.188387	0.000644382
0.189031	0.000644382
0.189676	0.000644382
0.19032	0.000644382
0.190965	0.000644382
0.191609	0.000644382
0.192253	0.000644382
0.192898	0.000644382
0.193542	0.000644382
0.194186	0.000644382
0.194831	0.000644382
0.195475	0.000644382
0.19612	0.000644382
0.196764	0.00057972
)
