(title "Collection Efficiency vs. Curve Length")
(labels "Curve Length" "Collection Efficiency")

((xy/key/label "airfoil-shadow")
0	0.00993402
0.000646084	0
0.00129217	0
0.00193826	0
0.00258434	0
0.00323042	0
0.0038765	0
0.00452259	0
0.00516868	0
0.00581476	0
0.00646084	0
0.00710692	0
0.00775301	0
0.00839909	0
0.00904518	0
0.00969126	0
0.0103373	0
0.0109834	0
0.0116295	0
0.0122756	0
0.0129217	0
0.0135678	0
0.0142138	0
0.0148599	0
0.015506	0
0.0161521	0
0.0167982	0
0.0174443	0
0.0180904	0
0.0187364	0
0.0193825	0
0.0200286	0
0.0206747	0
0.0213208	0
0.0219669	0
0.0226129	0
0.023259	0
0.0239051	0
0.0245512	0
0.0251973	0
0.0258434	0
0.0264894	0
0.0271355	0
0.0277816	0
0.0284277	0
0.0290738	0
0.0297199	0
0.0303659	0
0.031012	0
0.0316581	0
0.0323042	0
0.0329503	0
0.0335964	0
0.0342424	0
0.0348885	0
0.0355346	0
0.0361807	0
0.0368268	0
0.0374729	0
0.0381189	0
0.0386963	0
0.0392736	0
0.0398509	0
0.0404282	0
0.0410056	0
0.0415829	0
0.0421602	0
0.0427375	0
0.0433148	0
0.0438922	0
0.0444695	0
0.0450468	0
0.0456241	0
0.0462014	0
0.0467788	0
0.0473561	0
0.0479334	0
0.0485107	0
0.049088	0
0.0496654	0.00189213
0.0502427	0.00370057
0.05082	0.00390782
0.0513973	0.00443126
0.0519747	0.00496531
0.052552	0.00642201
0.0531293	0.0198374
0.0537066	0.0320654
0.054284	0.0320348
0.0548613	0.0320743
0.0554386	0.0321809
0.0560159	0.0323536
0.0565932	0.040592
0.0571706	0.0552705
0.0577479	0.0618065
0.0583252	0.0618359
0.0589025	0.0619415
0.0594798	0.0621116
0.0600572	0.0629362
0.0606345	0.0795842
0.0612118	0.0954762
0.0617891	0.0955035
0.0623665	0.0956511
0.0629438	0.0853511
0.0635211	0.0938053
0.0641725	0.115324
0.064824	0.120273
0.0654754	0.125152
0.0661268	0.133728
0.0667782	0.144519
0.0674297	0.147223
0.0680811	0.157673
0.0687325	0.169245
0.0693839	0.172174
0.0700354	0.184959
0.0706868	0.196589
0.0713382	0.201295
0.0719896	0.215389
0.0726411	0.225578
0.0732925	0.233609
0.0739439	0.248801
0.0745954	0.256923
0.0752468	0.268571
0.0758982	0.284816
0.0765496	0.290479
0.0772011	0.306662
0.0778525	0.324661
0.0785039	0.32916
0.0791553	0.348847
0.0798068	0.366948
0.0804582	0.373624
0.0811096	0.394399
0.081761	0.409621
0.0824125	0.420455
0.0830639	0.441748
0.0837153	0.453408
0.0843668	0.464539
0.0850182	0.483238
0.0856696	0.499465
0.086321	0.516121
0.0869725	0.530713
0.0876239	0.542157
0.0882753	0.555128
0.0889267	0.564458
0.0892609	0.577968
0.0896618	0.589443
0.0901387	0.590057
0.0907007	0.59668
0.0913558	0.603888
0.0921093	0.618858
0.0929634	0.630072
0.093915	0.629996
0.0949556	0.621941
0.0960702	0.60954
0.0972382	0.592707
0.0984341	0.570114
0.09963	0.544685
0.100798	0.519182
0.101913	0.493411
0.102953	0.463933
0.103905	0.445217
0.104759	0.426524
0.105512	0.405466
0.106167	0.399117
0.106729	0.382645
0.107206	0.363203
0.107607	0.371106
0.107941	0.367907
0.108592	0.332983
0.109243	0.319918
0.109894	0.314391
0.110545	0.298332
0.111196	0.280114
0.111846	0.276872
0.112497	0.260821
0.113148	0.244443
0.113799	0.241949
0.11445	0.226823
0.115101	0.2128
0.115751	0.20946
0.116402	0.195523
0.117053	0.18393
0.117704	0.179798
0.118355	0.167196
0.119006	0.157929
0.119656	0.153228
0.120307	0.141935
0.120958	0.134735
0.121609	0.129493
0.12226	0.119115
0.122911	0.113534
0.123561	0.107852
0.124212	0.0983073
0.124863	0.094135
0.125514	0.0881586
0.126165	0.0794569
0.126815	0.0765337
0.127466	0.0673505
0.128117	0.0555273
0.128768	0.0527124
0.129419	0.0525451
0.13007	0.052449
0.13072	0.0524432
0.131371	0.0407573
0.132022	0.0260032
0.132673	0.0321569
0.133324	0.0202847
0.133901	0.0119785
0.134479	0.0222459
0.135057	0.0169111
0.135635	0.00585276
0.136213	0
0.13679	0
0.137368	0
0.137946	0
0.138524	0
0.139101	0
0.139679	0
0.140257	0
0.140835	0
0.141412	0
0.14199	0
0.142568	0
0.143146	0
0.143723	0
0.144301	0
0.144879	0
0.145457	0
0.146034	0
0.146612	0
0.14719	0
0.147768	0
0.148346	0
0.148923	0
0.149501	0
0.150079	0
0.150657	0
0.151234	0
0.151812	0
0.15239	0
0.152968	0
0.153545	0
0.154123	0
0.154701	0
0.155279	0
0.155856	0
0.156434	0
0.157012	0
0.15759	0
0.158168	0
0.158745	0
0.15939	0
0.160034	0
0.160678	0
0.161323	0
0.161967	0
0.162612	0
0.163256	0
0.1639	0
0.164545	0
0.165189	0
0.165834	0
0.166478	0
0.167122	0
0.167767	0
0.168411	0
0.169055	0
0.1697	0
0.170344	0
0.170989	0
0.171633	0
0.172277	0
0.172922	0
0.173566	0
0.174211	0
0.174855	0
0.175499	0
0.176144	0
0.176788	0
0.177432	0
0.178077	0
0.178721	0
0.179366	0
0.18001	0
0.180654	0
0.181299	0
0.181943	0
0.182588	0
0.183232	0
0.183876	0
0.184521	0
0.185165	0
0.185809	0
0.186454	0
0.187098	0
0.187743	0
0.188387	0
0.189031	0
0.189676	0
0.19032	0
0.190965	0
0.191609	0
0.192253	0
0.192898	0
0.193542	0
0.194186	0
0.194831	0
0.195475	0
0.19612	0
0.196764	0.00939431
)
