(title "Heat_Trans_Coef.(Outer) vs. Curve Length")
(labels "Curve Length" "Heat_Trans_Coef.(Outer)")

((xy/key/label "airfoil-shadow")
0	87.2302
0.000646084	89.5198
0.00129217	95.0027
0.00193826	97.595
0.00258434	99.8017
0.00323042	104.916
0.0038765	107.824
0.00452259	108.35
0.00516868	108.975
0.00581476	109.242
0.00646084	109.486
0.00710692	109.56
0.00775301	109.628
0.00839909	109.808
0.00904518	109.966
0.00969126	110.049
0.0103373	110.115
0.0109834	110.166
0.0116295	110.187
0.0122756	110.2
0.0129217	110.217
0.0135678	110.203
0.0142138	110.132
0.0148599	109.998
0.015506	109.695
0.0161521	109.344
0.0167982	109.08
0.0174443	108.946
0.0180904	108.814
0.0187364	108.445
0.0193825	108.116
0.0200286	108.023
0.0206747	107.92
0.0213208	107.813
0.0219669	107.81
0.0226129	107.82
0.023259	107.878
0.0239051	107.962
0.0245512	107.998
0.0251973	108.042
0.0258434	108.136
0.0264894	108.244
0.0271355	108.432
0.0277816	108.563
0.0284277	108.635
0.0290738	108.784
0.0297199	109.099
0.0303659	109.529
0.031012	109.948
0.0316581	110.433
0.0323042	110.967
0.0329503	111.532
0.0335964	112.112
0.0342424	112.689
0.0348885	112.975
0.0355346	113.496
0.0361807	114.283
0.0368268	114.548
0.0374729	114.845
0.0381189	115.474
0.0386963	116.055
0.0392736	116.615
0.0398509	117.152
0.0404282	117.837
0.0410056	118.411
0.0415829	118.557
0.0421602	118.647
0.0427375	118.751
0.0433148	117.952
0.0438922	116.356
0.0444695	115.574
0.0450468	113.656
0.0456241	110.761
0.0462014	108.899
0.0467788	107.301
0.0473561	106.588
0.0479334	106.126
0.0485107	105.53
0.049088	105.689
0.0496654	106.28
0.0502427	106.945
0.05082	107.725
0.0513973	108.572
0.0519747	109.436
0.052552	110.271
0.0531293	111.027
0.0537066	111.67
0.054284	112.21
0.0548613	112.461
0.0554386	112.69
0.0560159	113.139
0.0565932	113.838
0.0571706	114.604
0.0577479	115.231
0.0583252	115.572
0.0589025	115.979
0.0594798	116.986
0.0600572	119.487
0.0606345	122.566
0.0612118	124.988
0.0617891	127.482
0.0623665	129.924
0.0629438	132.204
0.0635211	134.447
0.0641725	136.995
0.064824	139.487
0.0654754	141.96
0.0661268	144.378
0.0667782	146.705
0.0674297	148.909
0.0680811	150.987
0.0687325	151.997
0.0693839	152.97
0.0700354	155.862
0.0706868	158.766
0.0713382	160.736
0.0719896	162.694
0.0726411	164.654
0.0732925	166.654
0.0739439	168.729
0.0745954	169.79
0.0752468	170.921
0.0758982	173.263
0.0765496	177.018
0.0772011	180.83
0.0778525	183.349
0.0785039	184.599
0.0791553	185.877
0.0798068	188.421
0.0804582	192.012
0.0811096	195.381
0.081761	196.425
0.0824125	197.419
0.0830639	200.218
0.0837153	202.775
0.0843668	204.128
0.0850182	205.325
0.0856696	206.663
0.086321	207.405
0.0869725	208.482
0.0876239	214.097
0.0882753	221.439
0.0889267	224.243
0.0892609	226.814
0.0896618	229.898
0.0901387	231.325
0.0907007	234.897
0.0913558	240.272
0.0921093	255.718
0.0929634	281.886
0.093915	295.653
0.0949556	295.113
0.0960702	284.02
0.0972382	259.993
0.0984341	240.674
0.09963	230.866
0.100798	227.753
0.101913	222.898
0.102953	216.718
0.103905	213.541
0.104759	212.043
0.105512	210.117
0.106167	206.226
0.106729	202.158
0.107206	196.831
0.107607	192.502
0.107941	189.539
0.108592	183.299
0.109243	177.883
0.109894	172.728
0.110545	170.252
0.111196	166.084
0.111846	160.115
0.112497	157.034
0.113148	154.982
0.113799	154.21
0.11445	153.622
0.115101	152.556
0.115751	151.631
0.116402	150.094
0.117053	149.002
0.117704	148.311
0.118355	146.11
0.119006	144.601
0.119656	143.839
0.120307	142.349
0.120958	140.955
0.121609	139.702
0.12226	138.583
0.122911	137.552
0.123561	136.089
0.124212	134.623
0.124863	134.122
0.125514	133.593
0.126165	132.533
0.126815	130.925
0.127466	129.296
0.128117	128.176
0.128768	127.021
0.129419	125.825
0.13007	125.216
0.13072	124.58
0.131371	123.28
0.132022	121.925
0.132673	120.519
0.133324	119.02
0.133901	117.652
0.134479	116.26
0.135057	113.685
0.135635	110.803
0.136213	108.771
0.13679	107.766
0.137368	106.848
0.137946	104.619
0.138524	103.047
0.139101	102.82
0.139679	103.063
0.140257	103.271
0.140835	103.617
0.141412	104.943
0.14199	106.498
0.142568	107.663
0.143146	108.254
0.143723	109.363
0.144301	110.471
0.144879	111.281
0.145457	112.307
0.146034	112.524
0.146612	112.58
0.14719	112.636
0.147768	112.636
0.148346	112.636
0.148923	112.636
0.149501	112.636
0.150079	112.636
0.150657	112.636
0.151234	112.636
0.151812	112.633
0.15239	112.63
0.152968	112.619
0.153545	112.589
0.154123	112.512
0.154701	112.415
0.155279	112.335
0.155856	112.244
0.156434	112.197
0.157012	112.146
0.15759	112.042
0.158168	111.875
0.158745	111.7
0.15939	111.632
0.160034	111.565
0.160678	111.406
0.161323	111.051
0.161967	110.788
0.162612	110.633
0.163256	110.318
0.1639	110.001
0.164545	109.697
0.165189	109.422
0.165834	109.192
0.166478	109.023
0.167122	108.93
0.167767	108.905
0.168411	108.905
0.169055	108.905
0.1697	108.905
0.170344	108.905
0.170989	108.905
0.171633	108.905
0.172277	108.905
0.172922	108.905
0.173566	108.905
0.174211	108.905
0.174855	108.905
0.175499	108.906
0.176144	108.916
0.176788	108.94
0.177432	108.977
0.178077	109.027
0.178721	109.091
0.179366	109.166
0.18001	109.253
0.180654	109.352
0.181299	109.46
0.181943	109.646
0.182588	109.845
0.183232	109.991
0.183876	110.145
0.184521	110.224
0.185165	110.373
0.185809	111.163
0.186454	112.255
0.187098	113.223
0.187743	113.738
0.188387	114.88
0.189031	116.022
0.189676	116.611
0.19032	118.315
0.190965	119.431
0.191609	119.92
0.192253	121.155
0.192898	122.117
0.193542	122.424
0.194186	122.512
0.194831	122.187
0.195475	120.761
0.19612	117.879
0.196764	113.266
)
