(title "MIN vs. Curve Length")
(labels "Curve Length" "MIN")

((xy/key/label "airfoil-shadow")
0	0
0.000646084	0
0.00129217	0
0.00193826	0
0.00258434	7.18643e-07
0.00323042	3.12959e-06
0.0038765	6.51329e-06
0.00452259	9.9115e-06
0.00516868	1.33271e-05
0.00581476	1.6749e-05
0.00646084	2.01766e-05
0.00710692	2.36046e-05
0.00775301	2.70326e-05
0.00839909	3.04643e-05
0.00904518	3.38991e-05
0.00969126	3.73348e-05
0.0103373	4.07713e-05
0.0109834	4.42084e-05
0.0116295	4.76453e-05
0.0122756	5.10821e-05
0.0129217	5.45191e-05
0.0135678	5.79555e-05
0.0142138	6.13898e-05
0.0148599	6.48204e-05
0.015506	6.82423e-05
0.0161521	7.16538e-05
0.0167982	7.50578e-05
0.0174443	7.84582e-05
0.0180904	8.1855e-05
0.0187364	8.52408e-05
0.0193825	8.86164e-05
0.0200286	9.1989e-05
0.0206747	9.53578e-05
0.0213208	9.87225e-05
0.0219669	0.000102086
0.0226129	0.000105449
0.023259	0.000108811
0.0239051	0.000112175
0.0245512	0.000115536
0.0251973	0.000118897
0.0258434	0.000122257
0.0264894	0.000125617
0.0271355	0.00012898
0.0277816	0.000132343
0.0284277	0.000135705
0.0290738	0.000139069
0.0297199	0.000142438
0.0303659	0.000145817
0.031012	0.000149205
0.0316581	0.000152606
0.0323042	0.000156019
0.0329503	0.000159448
0.0335964	0.000162893
0.0342424	0.000166355
0.0348885	0.000169826
0.0355346	0.000173315
0.0361807	0.00017683
0.0368268	0.000180358
0.0374729	0.000183901
0.0381189	0.000187368
0.0386963	0.000190489
0.0392736	0.000193721
0.0398509	0.000196975
0.0404282	0.000200253
0.0410056	0.000203553
0.0415829	0.000206863
0.0421602	0.000210183
0.0427375	0.000213515
0.0433148	0.000216834
0.0438922	0.000220117
0.0444695	0.000223387
0.0450468	0.000226613
0.0456241	0.000229767
0.0462014	0.000232874
0.0467788	0.000235942
0.0473561	0.000238995
0.0479334	0.000242038
0.0485107	0.000245068
0.049088	0.000248103
0.0496654	0.000251101
0.0502427	0.000254062
0.05082	0.000257034
0.0513973	0.000260012
0.0519747	0.000262994
0.052552	0.000265954
0.0531293	0.000268549
0.0537066	0.000270805
0.054284	0.00027307
0.0548613	0.000275334
0.0554386	0.000277596
0.0560159	0.000279864
0.0565932	0.000281915
0.0571706	0.000283567
0.0577479	0.000285047
0.0583252	0.000286535
0.0589025	0.000288032
0.0594798	0.000289557
0.0600572	0.000291138
0.0606345	0.000292341
0.0612118	0.000293169
0.0617891	0.000294078
0.0623665	0.00029507
0.0629438	0.000296446
0.0635211	0.000297665
0.0641725	0.000298499
0.064824	0.000299254
0.0654754	0.000299948
0.0661268	0.000300451
0.0667782	0.000300677
0.0674297	0.000300875
0.0680811	0.000300787
0.0687325	0.000300331
0.0693839	0.00029978
0.0700354	0.000298872
0.0706868	0.000297636
0.0713382	0.000296259
0.0719896	0.000294435
0.0726411	0.000292284
0.0732925	0.000289871
0.0739439	0.000286967
0.0745954	0.000283768
0.0752468	0.000280164
0.0758982	0.000276034
0.0765496	0.000271747
0.0772011	0.00026696
0.0778525	0.000261574
0.0785039	0.000255992
0.0791553	0.000249729
0.0798068	0.000242868
0.0804582	0.000235808
0.0811096	0.000228095
0.081761	0.000219852
0.0824125	0.000211223
0.0830639	0.000201921
0.0837153	0.000192254
0.0843668	0.000182217
0.0850182	0.00017157
0.0856696	0.000160401
0.086321	0.000148688
0.0869725	0.00013651
0.0876239	0.000124076
0.0882753	0.000111385
0.0889267	0.000100553
0.0892609	9.4459e-05
0.0896618	8.53513e-05
0.0901387	7.45487e-05
0.0907007	6.17611e-05
0.0913558	4.6801e-05
0.0921093	2.95363e-05
0.0929634	1.04317e-05
0.093915	0
0.0949556	1.02981e-05
0.0960702	3.21293e-05
0.0972382	5.48416e-05
0.0984341	7.81556e-05
0.09963	0.000100981
0.100798	0.000122217
0.101913	0.000141166
0.102953	0.000157664
0.103905	0.000171541
0.104759	0.000183246
0.105512	0.000192923
0.106167	0.000200665
0.106729	0.000207235
0.107206	0.000212539
0.107607	0.000216691
0.107941	0.000219619
0.108592	0.0002249
0.109243	0.000230569
0.109894	0.000236003
0.110545	0.000241419
0.111196	0.000246394
0.111846	0.000250895
0.112497	0.000255447
0.113148	0.000259557
0.113799	0.000263188
0.11445	0.000266747
0.115101	0.000269817
0.115751	0.000272445
0.116402	0.000274969
0.117053	0.00027706
0.117704	0.000278784
0.118355	0.000280365
0.119006	0.000281574
0.119656	0.0002825
0.120307	0.000283265
0.120958	0.000283679
0.121609	0.000283873
0.12226	0.000283906
0.122911	0.000283611
0.123561	0.000283141
0.124212	0.000282506
0.124863	0.000281582
0.125514	0.000280517
0.126165	0.000279254
0.126815	0.000277726
0.127466	0.000276136
0.128117	0.000274287
0.128768	0.000272084
0.129419	0.000269821
0.13007	0.000267588
0.13072	0.000265374
0.131371	0.000263187
0.132022	0.000260679
0.132673	0.000257763
0.133324	0.000255048
0.133901	0.0002524
0.134479	0.00024961
0.135057	0.000247172
0.135635	0.000244668
0.136213	0.000241941
0.13679	0.000239116
0.137368	0.000236331
0.137946	0.000233581
0.138524	0.000230897
0.139101	0.00022826
0.139679	0.000225636
0.140257	0.000223013
0.140835	0.000220394
0.141412	0.000217777
0.14199	0.000215136
0.142568	0.000212467
0.143146	0.000209779
0.143723	0.000207085
0.144301	0.000204374
0.144879	0.000201646
0.145457	0.000198908
0.146034	0.000196153
0.146612	0.000193398
0.14719	0.000190647
0.147768	0.000187899
0.148346	0.000185155
0.148923	0.000182415
0.149501	0.000179679
0.150079	0.000176946
0.150657	0.000174213
0.151234	0.000171481
0.151812	0.000168748
0.15239	0.000166017
0.152968	0.000163285
0.153545	0.000160554
0.154123	0.000157823
0.154701	0.000155093
0.155279	0.000152363
0.155856	0.000149635
0.156434	0.000146909
0.157012	0.000144183
0.15759	0.000141456
0.158168	0.00013873
0.158745	0.000136078
0.15939	0.000133122
0.160034	0.000130082
0.160678	0.00012704
0.161323	0.000123998
0.161967	0.000120962
0.162612	0.000117929
0.163256	0.000114896
0.1639	0.000111867
0.164545	0.000108842
0.165189	0.000105821
0.165834	0.000102803
0.166478	9.97878e-05
0.167122	9.67732e-05
0.167767	9.37576e-05
0.168411	9.07395e-05
0.169055	8.77185e-05
0.1697	8.4695e-05
0.170344	8.16692e-05
0.170989	7.86414e-05
0.171633	7.5612e-05
0.172277	7.25811e-05
0.172922	6.95491e-05
0.173566	6.65162e-05
0.174211	6.34828e-05
0.174855	6.04491e-05
0.175499	5.74155e-05
0.176144	5.43823e-05
0.176788	5.13496e-05
0.177432	4.83175e-05
0.178077	4.5286e-05
0.178721	4.22551e-05
0.179366	3.92249e-05
0.18001	3.61955e-05
0.180654	3.3167e-05
0.181299	3.01397e-05
0.181943	2.71138e-05
0.182588	2.4088e-05
0.183232	2.10624e-05
0.183876	1.80394e-05
0.184521	1.50191e-05
0.185165	1.20044e-05
0.185809	8.99416e-06
0.186454	5.97181e-06
0.187098	2.93001e-06
0.187743	7.02816e-07
0.188387	0
0.189031	0
0.189676	0
0.19032	0
0.190965	0
0.191609	0
0.192253	0
0.192898	0
0.193542	0
0.194186	0
0.194831	0
0.195475	0
0.19612	0
0.196764	0
)
