(title "Static Pressure vs. Curve Length")
(labels "Curve Length" "Static Pressure")

((xy/key/label "airfoil-shadow")
0	78035.4
0.000646084	78039.2
0.00129217	78042.2
0.00193826	78044.4
0.00258434	78045.2
0.00323042	78047.5
0.0038765	78050.4
0.00452259	78053
0.00516868	78055.3
0.00581476	78056.5
0.00646084	78057.9
0.00710692	78061.5
0.00775301	78064.8
0.00839909	78067.6
0.00904518	78070.6
0.00969126	78072.3
0.0103373	78074.7
0.0109834	78077.9
0.0116295	78081.2
0.0122756	78084.2
0.0129217	78088.5
0.0135678	78092
0.0142138	78095.4
0.0148599	78099.1
0.015506	78101.3
0.0161521	78104.9
0.0167982	78110.3
0.0174443	78114.9
0.0180904	78118.8
0.0187364	78122.6
0.0193825	78126.1
0.0200286	78130.4
0.0206747	78135.1
0.0213208	78139.6
0.0219669	78143.9
0.0226129	78150.3
0.023259	78156.1
0.0239051	78161.2
0.0245512	78167
0.0251973	78171.7
0.0258434	78176.7
0.0264894	78182.4
0.0271355	78188.8
0.0277816	78194.9
0.0284277	78201.1
0.0290738	78207.6
0.0297199	78214
0.0303659	78221.1
0.031012	78228.8
0.0316581	78236
0.0323042	78243.2
0.0329503	78251
0.0335964	78258.3
0.0342424	78266
0.0348885	78274.5
0.0355346	78284.5
0.0361807	78293.3
0.0368268	78301.9
0.0374729	78308.8
0.0381189	78318.9
0.0386963	78338.3
0.0392736	78350.3
0.0398509	78344.3
0.0404282	78351.4
0.0410056	78380.8
0.0415829	78405.4
0.0421602	78413
0.0427375	78399.3
0.0433148	78396.5
0.0438922	78422.6
0.0444695	78440.9
0.0450468	78433.3
0.0456241	78443.6
0.0462014	78488.5
0.0467788	78527.1
0.0473561	78548.4
0.0479334	78553.2
0.0485107	78533.3
0.049088	78519.5
0.0496654	78550.9
0.0502427	78603.1
0.05082	78641
0.0513973	78659.5
0.0519747	78656.1
0.052552	78624.1
0.0531293	78628.2
0.0537066	78694.8
0.054284	78754.6
0.0548613	78788.1
0.0554386	78798.2
0.0560159	78774.5
0.0565932	78759.6
0.0571706	78806.7
0.0577479	78883.6
0.0583252	78941.1
0.0589025	78972.5
0.0594798	78973.9
0.0600572	78934.1
0.0606345	78944.1
0.0612118	79043.2
0.0617891	79146.4
0.0623665	79215.3
0.0629438	79180.6
0.0635211	79131.2
0.0641725	79185.2
0.064824	79261.3
0.0654754	79305.5
0.0661268	79350.8
0.0667782	79424.2
0.0674297	79472.8
0.0680811	79520.9
0.0687325	79602.2
0.0693839	79655.2
0.0700354	79715.3
0.0706868	79806.6
0.0713382	79873
0.0719896	79953.3
0.0726411	80048.7
0.0732925	80129.3
0.0739439	80234.8
0.0745954	80333.9
0.0752468	80428.8
0.0758982	80561
0.0765496	80661.4
0.0772011	80770.4
0.0778525	80934.3
0.0785039	81051.5
0.0791553	81184.7
0.0798068	81372.9
0.0804582	81521.4
0.0811096	81692.2
0.081761	81890.1
0.0824125	82064.6
0.0830639	82275.5
0.0837153	82487.5
0.0843668	82668.9
0.0850182	82867.1
0.0856696	83080.9
0.086321	83305.2
0.0869725	83531.2
0.0876239	83738.3
0.0882753	83945
0.0889267	84143
0.0892609	84241.1
0.0896618	84354.1
0.0901387	84472.2
0.0907007	84600.4
0.0913558	84722.8
0.0921093	84824
0.0929634	84890.1
0.093915	84899.4
0.0949556	84827.8
0.0960702	84669.7
0.0972382	84416.4
0.0984341	84081.2
0.09963	83707.9
0.100798	83323.1
0.101913	82944
0.102953	82604.9
0.103905	82333.4
0.104759	82073.2
0.105512	81860.5
0.106167	81693.1
0.106729	81506.3
0.107206	81398.1
0.107607	81330.2
0.107941	81210.9
0.108592	81021.9
0.109243	80942.1
0.109894	80822.8
0.110545	80660.4
0.111196	80554.4
0.111846	80462.3
0.112497	80321.1
0.113148	80236.3
0.113799	80159.7
0.11445	80036.6
0.115101	79964.6
0.115751	79896.6
0.116402	79794.1
0.117053	79734.1
0.117704	79673.7
0.118355	79590.3
0.119006	79540.4
0.119656	79485.3
0.120307	79416.7
0.120958	79373.6
0.121609	79321
0.12226	79264
0.122911	79226.8
0.123561	79177.1
0.124212	79129.9
0.124863	79097.5
0.125514	79049.5
0.126165	79008.1
0.126815	78973.2
0.127466	78923.7
0.128117	78911.3
0.128768	78931.6
0.129419	78926.4
0.13007	78889.1
0.13072	78818.5
0.131371	78738.4
0.132022	78726.7
0.132673	78733.2
0.133324	78679.1
0.133901	78687.7
0.134479	78694.6
0.135057	78619.7
0.135635	78574.8
0.136213	78590.6
0.13679	78614.5
0.137368	78609.3
0.137946	78585.5
0.138524	78542
0.139101	78489.1
0.139679	78474.1
0.140257	78496.9
0.140835	78510.9
0.141412	78503.9
0.14199	78481.5
0.142568	78440.1
0.143146	78394.4
0.143723	78396
0.144301	78422.8
0.144879	78426.4
0.145457	78415.2
0.146034	78391.2
0.146612	78353.1
0.14719	78322.2
0.147768	78330.4
0.148346	78351.1
0.148923	78351.2
0.149501	78338.5
0.150079	78313.6
0.150657	78279.6
0.151234	78262.5
0.151812	78276.3
0.15239	78291.8
0.152968	78290
0.153545	78277.5
0.154123	78252.4
0.154701	78221.9
0.155279	78218.4
0.155856	78237.2
0.156434	78247
0.157012	78245.1
0.15759	78234.6
0.158168	78213.9
0.158745	78191.5
0.15939	78181.5
0.160034	78181.2
0.160678	78179
0.161323	78173.4
0.161967	78167
0.162612	78161.7
0.163256	78157.1
0.1639	78152.9
0.164545	78148
0.165189	78143.4
0.165834	78138.7
0.166478	78133.9
0.167122	78129.5
0.167767	78125.4
0.168411	78121.8
0.169055	78118.9
0.1697	78115.2
0.170344	78111
0.170989	78106.5
0.171633	78102
0.172277	78098.2
0.172922	78094.7
0.173566	78091.6
0.174211	78088.3
0.174855	78085.2
0.175499	78082
0.176144	78078.9
0.176788	78075.9
0.177432	78073
0.178077	78071.4
0.178721	78069.4
0.179366	78066.6
0.18001	78063.2
0.180654	78059.4
0.181299	78057.2
0.181943	78056.4
0.182588	78054.1
0.183232	78051.7
0.183876	78049.2
0.184521	78046.4
0.185165	78045.5
0.185809	78044.2
0.186454	78042.4
0.187098	78040.1
0.187743	78037.5
0.188387	78035.6
0.189031	78034
0.189676	78032.4
0.19032	78031.1
0.190965	78030.3
0.191609	78029.7
0.192253	78028.4
0.192898	78026.7
0.193542	78024.8
0.194186	78023.6
0.194831	78023.7
0.195475	78022.5
0.19612	78020.5
0.196764	78018
)
