(title "Static Temperature vs. Curve Length")
(labels "Curve Length" "Static Temperature")

((xy/key/label "airfoil-shadow")
0	297.928
0.000646084	308.37
0.00129217	308.395
0.00193826	308.439
0.00258434	308.504
0.00323042	308.537
0.0038765	308.529
0.00452259	308.52
0.00516868	308.51
0.00581476	308.5
0.00646084	308.491
0.00710692	308.482
0.00775301	308.473
0.00839909	308.464
0.00904518	308.456
0.00969126	308.449
0.0103373	308.443
0.0109834	308.439
0.0116295	308.436
0.0122756	308.434
0.0129217	308.433
0.0135678	308.433
0.0142138	308.435
0.0148599	308.438
0.015506	308.441
0.0161521	308.446
0.0167982	308.45
0.0174443	308.454
0.0180904	308.457
0.0187364	308.46
0.0193825	308.462
0.0200286	308.462
0.0206747	308.461
0.0213208	308.458
0.0219669	308.454
0.0226129	308.449
0.023259	308.442
0.0239051	308.433
0.0245512	308.422
0.0251973	308.409
0.0258434	308.395
0.0264894	308.38
0.0271355	308.365
0.0277816	308.35
0.0284277	308.334
0.0290738	308.318
0.0297199	308.302
0.0303659	308.286
0.031012	308.271
0.0316581	308.257
0.0323042	308.245
0.0329503	308.236
0.0335964	308.23
0.0342424	308.228
0.0348885	308.231
0.0355346	308.24
0.0361807	308.254
0.0368268	308.276
0.0374729	308.305
0.0381189	308.34
0.0386963	308.373
0.0392736	308.405
0.0398509	308.436
0.0404282	308.468
0.0410056	308.501
0.0415829	308.538
0.0421602	308.578
0.0427375	308.62
0.0433148	308.666
0.0438922	308.716
0.0444695	308.767
0.0450468	308.819
0.0456241	308.871
0.0462014	308.918
0.0467788	308.959
0.0473561	308.992
0.0479334	309.016
0.0485107	309.03
0.049088	309.035
0.0496654	309.032
0.0502427	309.022
0.05082	309.006
0.0513973	308.985
0.0519747	308.959
0.052552	308.929
0.0531293	308.896
0.0537066	308.864
0.054284	308.834
0.0548613	308.808
0.0554386	308.785
0.0560159	308.765
0.0565932	308.749
0.0571706	308.74
0.0577479	308.739
0.0583252	308.745
0.0589025	308.759
0.0594798	308.781
0.0600572	308.813
0.0606345	308.856
0.0612118	308.915
0.0617891	308.991
0.0623665	309.084
0.0629438	309.192
0.0635211	309.307
0.0641725	309.427
0.064824	309.521
0.0654754	309.579
0.0661268	309.6
0.0667782	309.59
0.0674297	309.553
0.0680811	309.494
0.0687325	309.415
0.0693839	309.315
0.0700354	309.196
0.0706868	309.056
0.0713382	308.898
0.0719896	308.73
0.0726411	308.55
0.0732925	308.356
0.0739439	308.159
0.0745954	307.966
0.0752468	307.771
0.0758982	307.556
0.0765496	307.309
0.0772011	307.041
0.0778525	306.777
0.0785039	306.519
0.0791553	306.27
0.0798068	306.03
0.0804582	305.799
0.0811096	305.595
0.081761	305.408
0.0824125	305.232
0.0830639	305.079
0.0837153	304.947
0.0843668	304.833
0.0850182	304.741
0.0856696	304.674
0.086321	304.628
0.0869725	304.597
0.0876239	304.582
0.0882753	304.587
0.0889267	304.609
0.0892609	304.623
0.0896618	304.639
0.0901387	304.653
0.0907007	304.66
0.0913558	304.653
0.0921093	304.624
0.0929634	304.587
0.093915	304.614
0.0949556	304.752
0.0960702	304.994
0.0972382	305.317
0.0984341	305.668
0.09963	306.018
0.100798	306.339
0.101913	306.627
0.102953	306.873
0.103905	307.054
0.104759	307.163
0.105512	307.206
0.106167	307.194
0.106729	307.139
0.107206	307.06
0.107607	306.97
0.107941	306.884
0.108592	306.726
0.109243	306.592
0.109894	306.492
0.110545	306.436
0.111196	306.421
0.111846	306.426
0.112497	306.436
0.113148	306.457
0.113799	306.494
0.11445	306.547
0.115101	306.615
0.115751	306.694
0.116402	306.782
0.117053	306.877
0.117704	306.978
0.118355	307.082
0.119006	307.192
0.119656	307.304
0.120307	307.419
0.120958	307.532
0.121609	307.64
0.12226	307.742
0.122911	307.841
0.123561	307.94
0.124212	308.038
0.124863	308.127
0.125514	308.206
0.126165	308.275
0.126815	308.337
0.127466	308.391
0.128117	308.432
0.128768	308.459
0.129419	308.466
0.13007	308.446
0.13072	308.398
0.131371	308.324
0.132022	308.223
0.132673	308.091
0.133324	307.938
0.133901	307.799
0.134479	307.669
0.135057	307.558
0.135635	307.463
0.136213	307.377
0.13679	307.298
0.137368	307.231
0.137946	307.174
0.138524	307.122
0.139101	307.07
0.139679	307.017
0.140257	306.962
0.140835	306.901
0.141412	306.836
0.14199	306.767
0.142568	306.698
0.143146	306.631
0.143723	306.567
0.144301	306.507
0.144879	306.453
0.145457	306.404
0.146034	306.361
0.146612	306.323
0.14719	306.293
0.147768	306.267
0.148346	306.244
0.148923	306.224
0.149501	306.208
0.150079	306.195
0.150657	306.187
0.151234	306.183
0.151812	306.182
0.15239	306.183
0.152968	306.185
0.153545	306.186
0.154123	306.187
0.154701	306.189
0.155279	306.192
0.155856	306.197
0.156434	306.205
0.157012	306.216
0.15759	306.229
0.158168	306.243
0.158745	306.257
0.15939	306.273
0.160034	306.291
0.160678	306.311
0.161323	306.333
0.161967	306.355
0.162612	306.378
0.163256	306.401
0.1639	306.424
0.164545	306.446
0.165189	306.468
0.165834	306.49
0.166478	306.51
0.167122	306.528
0.167767	306.545
0.168411	306.559
0.169055	306.572
0.1697	306.584
0.170344	306.594
0.170989	306.602
0.171633	306.609
0.172277	306.614
0.172922	306.618
0.173566	306.62
0.174211	306.621
0.174855	306.619
0.175499	306.616
0.176144	306.611
0.176788	306.604
0.177432	306.595
0.178077	306.583
0.178721	306.569
0.179366	306.553
0.18001	306.534
0.180654	306.513
0.181299	306.488
0.181943	306.46
0.182588	306.428
0.183232	306.392
0.183876	306.353
0.184521	306.311
0.185165	306.265
0.185809	306.213
0.186454	306.158
0.187098	306.101
0.187743	306.009
0.188387	305.89
0.189031	305.784
0.189676	305.688
0.19032	305.602
0.190965	305.527
0.191609	305.462
0.192253	305.406
0.192898	305.358
0.193542	305.319
0.194186	305.287
0.194831	305.262
0.195475	305.245
0.19612	305.236
0.196764	295.144
)
